1.660340279340744019e-01
1.440594941377639771e-01
1.412604302167892456e-01
1.401521116495132446e-01
1.434123218059539795e-01
9.643820673227310181e-02
8.352647721767425537e-02
9.338511526584625244e-02
8.878139406442642212e-02
8.865582197904586792e-02
8.062085509300231934e-02
8.316953480243682861e-02
8.240844309329986572e-02
8.833289146423339844e-02
8.291187137365341187e-02
7.582560926675796509e-02
8.850976824760437012e-02
7.710036635398864746e-02
7.228082418441772461e-02
7.223364710807800293e-02
7.716351747512817383e-02
7.453753054141998291e-02
7.774312049150466919e-02
7.066051661968231201e-02
7.359135150909423828e-02
7.478351145982742310e-02
7.423169910907745361e-02
7.892200350761413574e-02
7.474148273468017578e-02
7.556564360857009888e-02
6.896933913230895996e-02
