9.324474763870239258e+01
9.953083944320678711e+01
1.046050851345062256e+02
1.126893157958984375e+02
1.267431018352508545e+02
1.046082584857940674e+02
1.092822899818420410e+02
1.109488575458526611e+02
1.193669934272766113e+02
1.214190659523010254e+02
1.245788393020629883e+02
1.336013383865356445e+02
1.370433390140533447e+02
1.406933085918426514e+02
1.475333316326141357e+02
1.186420199871063232e+02
1.299751632213592529e+02
1.296977829933166504e+02
1.329211969375610352e+02
1.431556620597839355e+02
1.492671897411346436e+02
1.509081637859344482e+02
1.577286756038665771e+02
1.625258901119232178e+02
1.620628411769866943e+02
1.431296944618225098e+02
1.600842936038970947e+02
1.630855903625488281e+02
1.683121891021728516e+02
1.695611836910247803e+02
1.750969972610473633e+02
